101
33763
6669
11528
51381
53703
53864
40993
46035
14931
48308
40476
51521
23794
27905
10625
11091
20949
38148
45106
9684
18876
2935
28659
65092
4152
33854
12790
18547
27279
14760
64904
41991
6745
18673
43379
2997
37463
51389
58155
53797
53813
5587
14547
11402
2877
40155
29096
46254
36932
40549
28146
42249
38754
22514
28183
5818
44944
24800
61058
11225
47141
22494
52638
38486
8260
39988
43208
11550
14537
22829
56986
27732
14487
45104
28466
37622
409
4946
42909
9644
51273
40205
43845
40169
2241
19989
12003
59772
1839
63223
8875
55004
52874
17277
20246
35793
54123
59724
40797
63853
12988
40078
47245
47798
55386
54440
43566
7886
39224
64145
49256
2121
41815
43525
27961
16496
17443
51662
43295
29133
24523
25715
16883
25379
33325
3547
8821
18674
61508
59964
25831
12421
53197
62194
55533
4549
24183
11638
51027
64976
21114
13043
3864
64794
10344
39761
64823
26988
9536
51198
25962
9293
50475
51369
54415
51672
50741
63954
10108
37030
55276
53670
14519
41414
38064
36436
45003
26070
60461
4472
41795
11911
47168
51436
46436
15431
17011
44659
33228
61209
63690
61347
41247
54581
10453
62998
42608
45951
2128
16428
23108
55245
38675
43985
3841
23852
32572
39488
21698
13270
18998
15487
3386
64164
21563
42997
3409
7045
26592
16377
8292
20918
59651
63488
35380
17297
50627
53553
40765
15567
56712
20746
59748
15793
19953
3252
42779
31074
48000
32892
32603
20225
40184
29846
41871
42590
13378
2675
35793
6416
58099
4102
10255
15140
6989
27594
5150
51581
17681
56363
50014
12432
32788
4689
1297
18813
31031
35585
60097
61156
18902
51891
22638
5022
6582
40012
6455
54466
32929
9893
40036
60322
15174
37852
50499
21630
65212
18767
58800
45402
9142
28610
56821
13936
40489
39698
59201
60604
39936
34861
5716
2068
5618
8481
42117
32439
15554
45566
25671
8471
41835
39050
62910
6004
16437
54373
48798
61619
19369
65441
57346
45067
55598
8455
21480
30434
63951
60405
38092
19152
51911
50553
10783
58963
65270
58938
51005
43734
177
15394
21875
27954
32975
2252
59237
34866
13395
22976
47786
3104
13380
18624
48717
1069
16178
54311
40925
13300
22959
9379
55184
50542
38741
17922
9369
39968
20611
61269
8102
12732
38540
41617
6293
25809
16488
37037
8277
45046
39386
41926
36505
8489
17956
24774
20180
47701
47719
64569
63297
55083
19177
46639
61839
52758
56755
64965
34211
23597
11469
55895
15785
62237
7937
62672
7722
46581
10125
23276
28322
43844
8226
44954
5646
20950
31965
6668
50367
38470
42000
34819
38979
62556
13282
4737
35095
64652
61982
52649
39632
15740
26538
32860
28777
49243
58518
40282
60889
32320
1191
436
63514
59907
12811
2606
5083
26217
1420
20060
41730
8491
29891
64456
16608
49545
14361
22719
19935
59992
45050
19598
5282
5240
21157
1376
11682
27963
38618
33260
25072
27976
43903
10628
27622
56693
42357
61392
39875
8445
13168
11537
49211
23764
12311
14350
20186
33717
27897
32443
55082
21303
59840
56659
25807
57615
64019
1260
53775
50596
1690
4298
52201
7158
661
55574
44332
11061
2992
63666
34109
26138
9591
58953
58264
39918
37208
28014
2243
28868
57256
30548
15082
64158
47604
37344
25984
20940
21281
23486
15048
59479
58126
47889
33262
6366
8555
3661
30387
58670
8944
53878
26424
47699
40146
13068
31415
65342
31032
48473
36859
34386
60380
54763
56803
54830
13587
23347
51607
56305
56039
3697
47017
34475
63503
23545
21844
10650
65504
4127
30595
18069
59578
34485
40153
38113
33924
14966
59527
6104
7300
2018
64432
54669
25517
28357
64714
64815
64650
1637
54766
59538
9851
52524
54958
35139
27976
3364
29221
16676
13944
64893
26759
30181
52572
52878
54078
1848
43515
21474
60717
11870
29650
26251
7397
50193
2148
29816
28265
56589
12964
34489
58265
38573
58371
37960
34907
39372
34408
59367
10140
43823
20406
6460
39729
52184
34908
62251
41028
14759
9882
9745
42722
44854
27701
54286
27505
49600
54353
37462
7874
13005
20347
3236
11052
37444
52422
59899
7449
4531
25684
13201
6571
60546
10859
21252
33050
8031
3560
47948
41539
15596
64079
41816
43992
15301
22766
33060
39936
62362
38297
33747
49965
18829
22257
27094
22774
32892
2110
14594
39836
52708
18262
32954
23419
55377
60679
36146
44196
38560
9549
58836
43219
45268
22310
25288
48413
57514
9762
22100
24343
21407
23051
43253
18303
65016
61338
16966
27209
32942
32813
51276
61505
26497
53845
12681
62189
23191
2540
8140
51870
31981
8293
45393
26257
49104
7641
54872
37495
61687
52357
8889
51478
50590
11250
6072
29737
1732
55986
35385
21434
17034
42408
53155
30067
20890
52995
61184
17696
30579
54464
6243
5347
40382
13322
61572
11226
61330
2914
56847
16207
1644
34321
63439
58169
41239
40934
43644
19802
557
19725
53586
61538
12588
10035
10581
21774
23532
62224
35654
60398
65405
10432
46846
48639
42157
61832
11246
10900
18087
6029
14382
45194
42672
17336
12857
58778
12308
45979
35694
43810
51304
43277
55954
47649
13109
6088
8418
17084
6807
9817
53487
29810
31012
40977
43018
54735
622
24850
20570
49898
18190
33931
20059
50034
3467
58387
44943
39477
41728
32185
48368
35476
33574
6544
366
51937
32747
1780
56992
3933
45785
51744
48969
34439
48903
56336
31547
10020
54987
15661
27236
22803
15830
8069
57290
30099
39968
43799
45351
26854
63873
11947
7944
38887
2568
36322
60367
42709
2380
35294
61547
38244
36042
33083
45987
62796
54092
24232
55166
36452
24475
53033
61190
13329
26549
12843
2151
44449
27944
31430
60382
35951
24664
57967
29123
29081
1051
38577
2337
20415
64300
46435
28489
32316
27155
63810
65434
14502
26623
29858
60384
18734
27840
60561
4386
58741
27298
42311
9472
7510
36395
19678
17632
61559
33841
50027
54436
9361
20050
41985
24156
8494
53070
2337
16923
24745
25000
13513
27744
53185
40042
45302
40308
48889
22813
38297
41992
47647
42099
54352
5232
48217
23995
28050
47993
14480
22919
65088
17167
24897
9985
9238
7951
62915
30334
19341
64831
47147
16518
54924
11016
3218
28524
31007
62021
17080
2195
46231
2822
46080
52850
37373
21958
23580
36524
63285
65496
28724
55672
1686
36268
59846
40531
879
37735
5490
5804
55043
57155
13662
